=== FINAL RESULTS (FoE Regularizer) ===
Task: Task09_Spleen
Accel: 16x | Noise: 0.1
FoE: 5 experts, 5x5 filters, 261 params
HOAG: tol_init=0.001, schedule=exponential, decay=0.995
Epochs: Clean=50, HOAG=15, Joint=5 | Inner Steps: 100

1. Upper Bound (Clean):      0.9565
2. Lower Bound (Noisy):      0.0242
3. Approach 1 (HOAG theta):  0.4715
4. Approach 2 (HOAG joint):  0.6103

--- Final Theta ---
Global weight: e^-0.0162 = 0.983944
Expert 1: weight=e^-1.9997=0.135382, nu=0.009913
  Filter:
[[[-0.07666831 -0.07750776 -0.01658691  0.04530197  0.04589315]
  [-0.14044751 -0.14147176 -0.02093192  0.09845434  0.09642093]
  [-0.20598686 -0.20693678 -0.02972785  0.14784591  0.14437862]
  [-0.15167095 -0.15414345 -0.03876027  0.08021902  0.07958049]
  [-0.09783908 -0.1008165  -0.04493178  0.01465935  0.0149733 ]]

 [[-0.06256527 -0.0658505  -0.00256166  0.05735038  0.04571328]
  [-0.12059034 -0.12483124 -0.00184711  0.11342922  0.09898572]
  [-0.18107525 -0.18593535 -0.00880523  0.16875897  0.1579754 ]
  [-0.12021247 -0.1268322  -0.01061047  0.09797411  0.0984211 ]
  [-0.06167629 -0.06498718 -0.00849705  0.04082855  0.04821046]]]
Expert 2: weight=e^-1.9945=0.136078, nu=0.009832
  Filter:
[[[-0.03531526 -0.09749613 -0.16246453 -0.10127424 -0.04551502]
  [-0.03560377 -0.0945669  -0.15975206 -0.10098512 -0.04184944]
  [ 0.02352323  0.01945047  0.02168482  0.01587219  0.01325204]
  [ 0.09274693  0.13642739  0.19857705  0.13627206  0.07849916]
  [ 0.08999629  0.13877335  0.19673282  0.13518547  0.07249398]]

 [[-0.03834716 -0.09509201 -0.16206062 -0.10512395 -0.04613431]
  [-0.03800783 -0.08919314 -0.14825806 -0.09107585 -0.03529909]
  [ 0.02016289  0.02801816  0.02518328  0.02263019  0.02270097]
  [ 0.09094499  0.15318267  0.2068166   0.150172    0.09186712]
  [ 0.09690364  0.15449956  0.22053386  0.16380039  0.10430019]]]
Expert 3: weight=e^-2.0363=0.130508, nu=0.009804
  Filter:
[[[-0.2197852  -0.10081992  0.01696222  0.01562608  0.01604435]
  [-0.09625948 -0.21665409  0.0204439   0.01965661  0.02220845]
  [ 0.02115248  0.01863889  0.01863267  0.01697974  0.01611061]
  [ 0.01829627  0.02031635  0.01709131  0.2523032   0.1320705 ]
  [ 0.0239767   0.02227707  0.01783236  0.13586849  0.25317362]]

 [[-0.24342981 -0.12038951  0.00539152  0.0071532  -0.01088264]
  [-0.11299985 -0.2369934   0.00272346  0.00116709 -0.00415518]
  [-0.01188898 -0.00280843 -0.00526679  0.00564629 -0.00888019]
  [-0.00227957 -0.01450364 -0.00228702  0.23366518  0.12095774]
  [-0.00403171  0.00067482 -0.00503704  0.12004204  0.24131203]]]
Expert 4: weight=e^-2.0402=0.130003, nu=0.010266
  Filter:
[[[ 0.02560871  0.02493517  0.01929029 -0.10019613 -0.22754987]
  [ 0.0253427   0.02261017  0.01656183 -0.22221164 -0.11165895]
  [ 0.0214566   0.01895818  0.01364548  0.0012502  -0.00578085]
  [ 0.12913838  0.23794287 -0.00056039 -0.00812115 -0.01166544]
  [ 0.23510133  0.11179149 -0.00718514 -0.01146884 -0.01499635]]

 [[ 0.0227338   0.01411609 -0.00807634 -0.1363988  -0.23506789]
  [ 0.02427784  0.02471919  0.01214637 -0.24779291 -0.12377163]
  [ 0.03161813  0.01827767  0.01359173  0.01999511  0.02659704]
  [ 0.15800937  0.28972337  0.03311538  0.04185699  0.04046465]
  [ 0.3021994   0.18157582  0.05763171  0.07916688  0.0521301 ]]]
Expert 5: weight=e^-2.0042=0.134770, nu=0.009728
  Filter:
[[[-1.19180875e-02 -3.00925149e-05 -4.92088497e-02  1.38636259e-02
    6.22539548e-03]
  [-1.04638385e-02 -4.83306795e-02 -9.01673660e-02 -2.93990895e-02
    9.80544277e-03]
  [-5.13066947e-02 -7.82400891e-02  7.08994687e-01 -7.37114549e-02
   -3.05634812e-02]
  [-4.82492615e-03 -3.69682312e-02 -8.82300213e-02 -4.50715907e-02
   -1.57106691e-03]
  [ 2.33003981e-02  2.21884791e-02 -2.71887966e-02  3.47529203e-02
    3.14017311e-02]]

 [[-1.82351433e-02  1.03312032e-02 -4.73408625e-02  2.48618587e-03
   -4.21599206e-03]
  [ 3.85827385e-03 -3.61610427e-02 -8.59350413e-02 -6.19959906e-02
   -9.65405349e-03]
  [-6.48969859e-02 -8.52971748e-02  7.32847571e-01 -9.12445486e-02
   -4.26269434e-02]
  [-1.99816376e-02 -7.16743991e-02 -8.01870152e-02 -2.46688612e-02
    5.10824320e-04]
  [-1.12257618e-02  2.56295432e-03 -3.05089597e-02 -1.44074773e-02
    1.85094681e-02]]]
